111111000000
111110100000
111110010000
111110001000

111110000100
111101100000
111101010000
111101001000
111101000100
111100110000
111100101000
111100100100
111100011000
111100010100
111011100000
111011010000
111011001000
111011000100
111010110000
111010101000
111010100100
111010011000
111010010100
111001110000
111001101000
111001100100
111001011000
111001010100
110111100000
110111010000
110111001000
110111000100
110110110000
110110101000
110110100100
110110011000
110110010100
110101110000
110101101000
110101100100
110101011000
110101010100
1101101000 10
1101110000 10
1110011000 10
1110110000 10
1110101000 10
1110100100 10
1110010100 10
1101100100 10
1101011000 10
1101010100 10
11101000 1100
11101000 10 10
11110000 10 10
11100100 1100
11100100 10 10
111000 111000
111000 110100
111000 1100 10
111000 10 1100
111000 10 10 10
11011000 1100
11011000 10 10
11010100 1100
11010100 10 10
110100 110100
110100 1100 10
110100 10 1100
110100 10 10 10
1100 11110000
1100 1100 1100
1100 1100 10 10
1100 10 1100 10
10 1111100000
10 1111010000
10 1111001000
10 1111000100
10 10 10 10 1100
10 10 10 10 10 10